188 250
458 962
556 998
614 1052
782 864
880 706
1096 506
1244 462
182 186
702 238
562 564
1102 454
216 810
56 1046
400 914
1034 874
188 250
458 962
556 998
614 1052
782 864
880 706
1096 506
1244 462
78 76
176 48
300 44
396 88
842 674
266 738
356 930
626 1012
150 156
316 178
36 248
126 336
314 438
528 554
768 668
1038 790
8 322
62 426
298 466
510 504
680 520
754 546
1008 580
1172 574
140 398
686 234
1018 214
542 338
258 340
390 454
438 426
528 412
92 180
384 74
392 842
598 712
698 712
792 842
494 986
794 986
256 360
142 422
144 466
406 512
802 518
1004 436
1046 374
1080 218
552 300
426 270
318 320
376 412
612 520
828 594
1066 680
864 738
380 14
264 46
206 98
310 162
476 178
710 214
986 214
1220 236
126 444
92 636
988 392
752 474
474 654
446 870
154 956
714 610
366 80
238 66
158 186
278 322
478 488
720 626
922 760
1172 914
462 40
384 268
462 456
704 508
890 424
1010 528
1050 746
1220 580
394 80
286 122
236 212
356 286
550 338
794 364
1022 374
168 474
396 542
252 822
548 854
566 1052
956 440
1238 544
966 948
198 138
378 274
256 450
66 466
1054 88
960 160
1052 274
1232 290
20 580
242 590
570 580
890 604
1106 570
1192 512
1120 296
1198 218
1056 16
1136 218
1276 262
758 124
682 372
488 538
280 566
98 606
140 718
140 898
342 994
556 886
514 678
538 494
702 430
904 486
804 270
922 240
970 324
932 434
794 588
604 740
448 878
264 1016
116 570
346 590
600 602
844 602
1038 582
1100 430
926 348
810 144
176 142
464 254
750 170
596 458
344 462
110 670
454 674
790 692
156 904
404 816
406 640
286 468
530 326
752 444
904 292
1122 396
