110 78
56 642
176 1288
4188 2250
458 962
556 998
614 1052
782 5864
880 6706
1096 5506
1244 6462
182 1266
702 1318
1102 1534
216 1890
56 2126
400 1994
1034 1954
188 2410
458 1122
556 3158
614 1212
782 3024
880 2866
1096 2666
1244 2622
78 3316
300 1284
396 3328
842 1914
356 4170
626 4252
1430 6156
1596 6178
1316 6248
1406 5336
1594 5438
1808 5554
2048 668
2318 6790
1288 1402
1342 1506
1578 1546
1790 1584
1960 1600
2034 1626
2288 1660
2452 1654
1420 2558
1966 2394
2298 2374
1822 2498
1538 2500
1670 2614
1718 2586
1808 2572
1372 3420
1664 1314
1672 4082
1878 3952
1978 1952
2072 1082
1774 6226
2074 4226
2816 360
2702 7422
2704 5466
2966 5512
3362 7518
3564 6436
3606 374
3640 6218
3112 1380
2986 1350
2878 1400
2936 1492
3172 1600
3388 1674
3626 1760
3424 1818
2940 2174
2824 2206
2766 2258
2870 2322
3036 2338
3270 2374
3546 2374
3780 2396
2686 3684
2652 3876
3548 3632
3312 3714
3034 3894
3006 4110
2714 6196
3274 3850
4206 780
4078 766
3998 186
3618 5322
3688 392
3488 492
3588 592
4302 1120
4224 1348
4302 1536
4202 1536
4102 1636
3902 1836
4102 1936
4302 1732
4234 2240
4126 2282
4076 2372
4196 2446
4296 2546
4226 2446
4280 2480
1384 2433
4008 3714
4236 3782
4092 4062
3388 4094
2406 4292
2796 3680
978 3980
1806 4188
2318 4938
2498 7274
3376 7450
3690 1660
3010 1684
3186 1466
1226 1650
2312 1592
1240 1376
4218 1298
2176 4176
2256 3378
3396 4212
1878 2284
2802 2532
3608 2698
1400 2726
2218 2766
3260 3958
4260 4138
1462 4234
2676 6126
3634 3918
1658 6134
2822 3670
3024 3726
4204 270
1322 4240
3370 3324
2332 434
3194 7588
4004 740
1848 7878
2664 1016
3516 6650
1746 6670
2000 1682
3244 6682
2438 3662
2500 1510
3326 6428
4210 1224
1576 2302
2864 2414
3150 2330
3996 2618
1844 6622
2510 2830
3854 2834
1190 2152
2556 4144
3804 4056
1806 3880
2686 3708
2930 3566
3152 3684
3304 3532
3822 3636
4202 3545
1974 4174
2658 6134
3822 3670
2556 6200
1322 7240
3370 7324
