556 3158
614 3212
782 3024
880 2866
1244 2622
78 3316
176 3288
300 3284
396 3328
842 3914
266 3978
356 4170
626 4252
1430 156
1596 178
1316 248
1406 336
1594 438
1808 554
2048 668
2318 790
1288 1402
1342 1506
1578 1546
1790 1584
1960 1600
2034 1626
2288 1660
2452 1654
1420 2558
1966 2394
2298 2374
1822 2498
1538 2500
1670 2614
1718 2586
1096 2666
782 864
880 706
458 3962
1096 506
1244 462
1288 250
1614 1052
1556 1998
182 1266
702 1318
562 1644
1102 1534
216 1890
56 2126
400 1994
1034 1954
188 2410
458 3122
1808 2572
1372 3420
1664 3314
1672 4082
1878 3952
1978 3952
2072 4082
1774 4226
2074 4226
2816 360
2702 422
2704 466
2966 512
3362 518
3564 436
3606 374
3640 218
3112 1380
2986 1350
2878 1400
2936 1492
3172 1600
3388 1674
3626 1760
3424 1818
2940 2174
2824 2206
2766 2258
2870 2322
3036 2338
3270 2374
3546 2374
3780 2396
2686 3684
2652 3876
3548 3632
3312 3714
3034 3894
3006 4110
2714 4196
3274 3850
4206 80
4078 66
3998 186
3618 322
3688 392
3488 492
3588 592
4302 1120
4224 1348
4302 1536
4202 1536
4102 1636
3902 1836
4102 1936
4302 1732
4234 2240
4126 2282
4076 2372
4196 2446
4296 2546
4226 2446
4280 2480
1384 2433
4008 3714
4236 3782
4092 4062
3388 4094
2406 4292
2796 3680
978 3980
1806 4188
2318 4938
2498 274
3376 450
3690 1660
3010 1684
3186 1466
1226 1650
2312 1592
3240 1376
4318 1298
2176 4176
2256 3378
3396 4212
1878 2284
2802 2532
3608 2698
1400 2726
2218 2766
3260 3958
4260 4138
1462 4234
2676 4126
3634 3918
1658 4134
2822 3670
3024 3726
4204 270
1322 4240
3370 3324
2332 434
3194 588
4004 740
1848 878
2664 1016
3516 1650
1746 1670
2000 1682
3244 1682
2438 3662
2500 1510
3326 1428
4210 1224
1576 2302
2864 2414
3150 2330
3996 2618
1244 2622
2510 2830
3854 2834
1190 2152
2556 4144
3804 4056
1806 3880
2686 3708
2930 3566
3152 3684
3304 3532
3822 3636
4202 3545
1974 4174
2080 160
272 274
6352 290
5140 1660
5362 1670
